displacement 	force 	time
0.000000000000000000e+00	0.000000000000000000e+00	0.000000000000000000e+00
1.281007936569907892e-08	1.281006519056528662e-08	4.004004004004003969e-02
2.050451037313554548e-07	2.050451024773560783e-07	8.008008008008007939e-02
1.035831402621737518e-06	1.035830840371043585e-06	1.201201201201201191e-01
3.266313357840946623e-06	3.266308132859009812e-06	1.601601601601601588e-01
7.953649219158824918e-06	7.953617855343908546e-06	2.002002002002001846e-01
1.644451263937319219e-05	1.644437882491809721e-05	2.402402402402402382e-01
3.036673997557406810e-05	3.036628349290301500e-05	2.802802802802802917e-01
5.161969636523619433e-05	5.161837739405680738e-05	3.203203203203203175e-01
8.236350501471499392e-05	8.236014703358791888e-05	3.603603603603603434e-01
1.250066825157706955e-04	1.249989478398037942e-04	4.004004004004003692e-01
1.821928202385392735e-04	1.821763894642907994e-04	4.404404404404404505e-01
2.567859997199181655e-04	2.567533632779143960e-04	4.804804804804804763e-01
3.518548148636923330e-04	3.517935388549551070e-04	5.205205205205205576e-01
4.706559696369147592e-04	4.705463361805518928e-04	5.605605605605605835e-01
6.166158855664381506e-04	6.164277170103107288e-04	6.006006006006006093e-01
7.933124487659768635e-04	7.930010049764277908e-04	6.406406406406406351e-01
1.004454930470528862e-03	1.003955678173474361e-03	6.806806806806806609e-01
1.253863642259760158e-03	1.253085739211799114e-03	7.207207207207206867e-01
1.545448862202210933e-03	1.544267207013028022e-03	7.607607607607607125e-01
1.883188542635196592e-03	1.881434176019843420e-03	8.008008008008007383e-01
2.271106233520570668e-03	2.268554991421255738e-03	8.408408408408408752e-01
2.713247881238168603e-03	2.709607127080379367e-03	8.808808808808809010e-01
3.213658342842057140e-03	3.208551650702604671e-03	9.209209209209209268e-01
3.776357958843676917e-03	3.769307700245194247e-03	9.609609609609609526e-01
4.405318164213115409e-03	4.395725875687700804e-03	1.001001001001001089e+00
5.104437557664604462e-03	5.091562106685940461e-03	1.041041041041041115e+00
5.877517758631237328e-03	5.860451329005856441e-03	1.081081081081081141e+00
6.728238858740178893e-03	6.705880776694525536e-03	1.121121121121121167e+00
7.660135637928115054e-03	7.631164207486112669e-03	1.161161161161161193e+00
8.676573547958792848e-03	8.639416042313781408e-03	1.201201201201201219e+00
9.780724902948052454e-03	9.733525930062880693e-03	1.241241241241241244e+00
1.097554596776834264e-02	1.091613453104511161e-02	1.281281281281281270e+00
1.226375382801412478e-02	1.218960940224985551e-02	1.321321321321321296e+00
1.364780425631109857e-02	1.355602230332855936e-02	1.361361361361361322e+00
1.512987025603351396e-02	1.501712764196712693e-02	1.401401401401401348e+00
1.671182078580879873e-02	1.657434164079000030e-02	1.441441441441441373e+00
1.839520097308744093e-02	1.822872353839988940e-02	1.481481481481481399e+00
2.018121271221881910e-02	1.998095783352470470e-02	1.521521521521521425e+00
2.207069625156539081e-02	2.183133818447995089e-02	1.561561561561561451e+00
2.406411320197329728e-02	2.377975335603447690e-02	1.601601601601601477e+00
2.616152991358324312e-02	2.582567442726121584e-02	1.641641641641641725e+00
2.836260272592430742e-02	2.796814437923652447e-02	1.681681681681681750e+00
3.066656394426060805e-02	3.020576940186595755e-02	1.721721721721721776e+00
3.307220914603437034e-02	3.253671208750394395e-02	1.761761761761761802e+00
3.557788613064499089e-02	3.495868704498264479e-02	1.801801801801801828e+00
3.818148457785969924e-02	3.746895805775526944e-02	1.841841841841841854e+00
4.088042788625079194e-02	4.006433771594041654e-02	1.881881881881881879e+00
4.367166571200028352e-02	4.274118891316779079e-02	1.921921921921921905e+00
4.655166846449142193e-02	4.549542812914701695e-02	1.961961961961961931e+00
4.951642317892493428e-02	4.832253127828176759e-02	2.002002002002002179e+00
5.256143058191649342e-02	5.121754047372359397e-02	2.042042042042042205e+00
5.568170438343100076e-02	5.417507372860524972e-02	2.082082082082082231e+00
5.887177122549026864e-02	5.718933526994213895e-02	2.122122122122122256e+00
6.212567298965806367e-02	6.025412816468508209e-02	2.162162162162162282e+00
6.543697022223490811e-02	6.336286827795957477e-02	2.202202202202202308e+00
6.879874703391873625e-02	6.650859906407580180e-02	2.242242242242242334e+00
7.220361809115420637e-02	6.968400842015590180e-02	2.282282282282282360e+00
7.564373644792646290e-02	7.288144571248418579e-02	2.322322322322322385e+00
7.911080337416130648e-02	7.609294008978183255e-02	2.362362362362362411e+00
8.259607976403721130e-02	7.931021973907334544e-02	2.402402402402402437e+00
8.609039854582063722e-02	8.252473105871092895e-02	2.442442442442442463e+00
8.958417905683550841e-02	8.572765872656282204e-02	2.482482482482482489e+00
9.306744281719574186e-02	8.890994600161392092e-02	2.522522522522522515e+00
9.652983034707361687e-02	9.206231466490359672e-02	2.562562562562562540e+00
9.996061976714444575e-02	9.517528526412312451e-02	2.602602602602602566e+00
1.033487467877836075e-01	9.823919715855956858e-02	2.642642642642642592e+00
1.066828256366118138e-01	1.012442278270017232e-01	2.682682682682682618e+00
1.099511715858972893e-01	1.041804119722592736e-01	2.722722722722722644e+00
1.131418248379859742e-01	1.070376600781079574e-01	2.762762762762762669e+00
1.162425753154664038e-01	1.098057759842849951e-01	2.802802802802802695e+00
1.192409887454094625e-01	1.124744737749433510e-01	2.842842842842842721e+00
1.221244340310677357e-01	1.150333938897193375e-01	2.882882882882882747e+00
1.248801116443646053e-01	1.174721181867915826e-01	2.922922922922922773e+00
1.274950828899161781e-01	1.197801839173065069e-01	2.962962962962962798e+00
1.299563003676849904e-01	1.219470968307966724e-01	3.003003003003002824e+00
1.322506395065304874e-01	1.239623432351220633e-01	3.043043043043042850e+00
1.343649307695742035e-01	1.258154008771734389e-01	3.083083083083082876e+00
1.362859928157499345e-01	1.274957488685010965e-01	3.123123123123122902e+00
1.380006665747730843e-01	1.289928766770132296e-01	3.163163163163162928e+00
1.394958501870930678e-01	1.302962921396778606e-01	3.203203203203202953e+00
1.407585344126942306e-01	1.313955285092837655e-01	3.243243243243243423e+00
1.417758389081512638e-01	1.322801508096544676e-01	3.283283283283283449e+00
1.425350491976405398e-01	1.329397614953187201e-01	3.323323323323323475e+00
1.430236542450356030e-01	1.333640054862105795e-01	3.363363363363363501e+00
1.432293843704722236e-01	1.335425746957809578e-01	3.403403403403403527e+00
1.431402509636382769e-01	1.334526339274319517e-01	3.443443443443443552e+00
1.427446078432259013e-01	1.330569908070195484e-01	3.483483483483483578e+00
1.420312262497984146e-01	1.323436092135920616e-01	3.523523523523523604e+00
1.409893416196430216e-01	1.313017245834366686e-01	3.563563563563563630e+00
1.396086944134996843e-01	1.299210773772933314e-01	3.603603603603603656e+00
1.378795704990753990e-01	1.281919534628690460e-01	3.643643643643643681e+00
1.357928409564422290e-01	1.261052239202358760e-01	3.683683683683683707e+00
1.333400012713132354e-01	1.236523842351068825e-01	3.723723723723723733e+00
1.305132096535599751e-01	1.208255926173536360e-01	3.763763763763763759e+00
1.273053243744408369e-01	1.176177073382344840e-01	3.803803803803803785e+00
1.237099401163083978e-01	1.140223230801020449e-01	3.843843843843843811e+00
1.197214232447430943e-01	1.100338062085367413e-01	3.883883883883883836e+00
1.153349457953624646e-01	1.056473287591561255e-01	3.923923923923923862e+00
1.105465180295676225e-01	1.008589009933612834e-01	3.963963963963963888e+00
1.053530195550846510e-01	9.566540251887831192e-02	4.004004004004004358e+00
9.975222897266046440e-02	9.006461193645412533e-02	4.044044044044044384e+00
9.374285178784404204e-02	8.405523475163770297e-02	4.084084084084084409e+00
8.732454654204307998e-02	7.763692950583674091e-02	4.124124124124124435e+00
8.049794906354849899e-02	7.081033202734215992e-02	4.164164164164164461e+00
7.326469489618379904e-02	6.357707785997745997e-02	4.204204204204204487e+00
6.562743960021950873e-02	5.593982256401316966e-02	4.244244244244244513e+00
5.758987692318639356e-02	4.790225988698005449e-02	4.284284284284284539e+00
4.915675478656608699e-02	3.946913775035974792e-02	4.324324324324324564e+00
4.033388905548491998e-02	3.064627201927857744e-02	4.364364364364364590e+00
3.112817496776502935e-02	2.144055793155868680e-02	4.404404404404404616e+00
2.154759603242015209e-02	1.185997899621380955e-02	4.444444444444444642e+00
1.160123055108545562e-02	1.913613514879110040e-03	4.484484484484484668e+00
1.299252522366432100e-03	-8.352816703219976061e-03	4.524524524524524693e+00
-9.347129114180830617e-03	-1.885469773529052651e-02	4.564564564564564719e+00
-2.032576999714666086e-02	-2.956904750755350378e-02	4.604604604604604745e+00
-3.162362066556395623e-02	-4.047404977393323500e-02	4.644644644644644771e+00
-4.322674578196855633e-02	-5.154752548915515070e-02	4.684684684684684797e+00
-5.512034480105404421e-02	-6.276703635719514673e-02	4.724724724724724823e+00
-6.728877381223630216e-02	-7.410998539759998394e-02	4.764764764764764848e+00
-7.971556886020501886e-02	-8.555371472541431488e-02	4.804804804804804874e+00
-9.238347040463003312e-02	-9.707559944438036437e-02	4.844844844844844900e+00
-1.052744487856116240e-01	-1.086531369431485983e-01	4.884884884884884926e+00
-1.183697304191437816e-01	-1.202640305600014281e-01	4.924924924924924952e+00
-1.316498250246000978e-01	-1.318862678300551095e-01	4.964964964964964977e+00
-1.450945535643867745e-01	-1.434981925799777847e-01	5.005005005005005003e+00
-1.586830768242034340e-01	-1.550785705341033993e-01	5.045045045045045029e+00
-1.723939243624726114e-01	-1.666066478655373051e-01	5.085085085085085055e+00
-1.862050241458972633e-01	-1.780622030395863920e-01	5.125125125125125081e+00
-2.000937326129330618e-01	-1.894255916097964398e-01	5.165165165165165106e+00
-2.140368651476121375e-01	-2.006777839630175531e-01	5.205205205205205132e+00
-2.280107267015137329e-01	-2.118003958652684426e-01	5.245245245245245158e+00
-2.419911428740546266e-01	-2.227757122289755476e-01	5.285285285285285184e+00
-2.559534912947318275e-01	-2.335867041438174363e-01	5.325325325325325210e+00
-2.698727333165470976e-01	-2.442170393305701792e-01	5.365365365365365236e+00
-2.837234457887039540e-01	-2.546510862299977140e-01	5.405405405405405261e+00
-2.974798531782061883e-01	-2.648739121409324770e-01	5.445445445445445287e+00
-3.111158600042838729e-01	-2.748712757189880618e-01	5.485485485485485313e+00
-3.246050836003816498e-01	-2.846296140170889166e-01	5.525525525525525339e+00
-3.379208870054321578e-01	-2.941360245225241865e-01	5.565565565565565365e+00
-3.510364122084688177e-01	-3.033782425627304935e-01	5.605605605605605390e+00
-3.639246138085554527e-01	-3.123446144896253052e-01	5.645645645645645416e+00
-3.765582931091964736e-01	-3.210240667690563710e-01	5.685685685685685442e+00
-3.889101324602993182e-01	-3.294060715512134307e-01	5.725725725725725468e+00
-4.009527300543437311e-01	-3.374806090176655227e-01	5.765765765765765494e+00
-4.126586352848808370e-01	-3.452381268830492789e-01	5.805805805805805520e+00
-4.240003847073983700e-01	-3.526694970766398596e-01	5.845845845845845545e+00
-4.349505383838993544e-01	-3.597659702372458246e-01	5.885885885885885571e+00
-4.454817168537257843e-01	-3.665191281759547781e-01	5.925925925925925597e+00
-4.555666388215836582e-01	-3.729208346028881071e-01	5.965965965965965623e+00
-4.651781596449283129e-01	-3.789631840162050458e-01	6.006006006006005649e+00
-4.742893103223230211e-01	-3.846384494365562845e-01	6.046046046046045674e+00
-4.828733373240250426e-01	-3.899390289287565925e-01	6.086086086086085700e+00
-4.909037432859026384e-01	-3.948573911188786867e-01	6.126126126126125726e+00
-4.983543286874939082e-01	-3.993860195207943331e-01	6.166166166166165752e+00
-5.051992341243757290e-01	-4.035173563784602568e-01	6.206206206206205778e+00
-5.114129836492585790e-01	-4.072437457364485591e-01	6.246246246246245803e+00
-5.169705291248402057e-01	-4.105573758455217104e-01	6.286286286286285829e+00
-5.218472956672435270e-01	-4.134502207937538198e-01	6.326326326326325855e+00
-5.260192278143391853e-01	-4.159139819379275571e-01	6.366366366366365881e+00
-5.294628369302976090e-01	-4.179400287678054493e-01	6.406406406406405907e+00
-5.321552498155615041e-01	-4.195193391298719376e-01	6.446446446446446821e+00
-5.340742583565668555e-01	-4.206424390512358835e-01	6.486486486486486847e+00
-5.351983701821593220e-01	-4.212993423070860999e-01	6.526526526526526872e+00
-5.355068605626960299e-01	-4.214766839272372501e-01	6.566566566566566898e+00
-5.349798633687653515e-01	-4.209496867333067383e-01	6.606606606606606924e+00
-5.335987150937123724e-01	-4.195685384582537036e-01	6.646646646646646950e+00
-5.313462349880008206e-01	-4.173160583525420408e-01	6.686686686686686976e+00
-5.282068002986002320e-01	-4.141766236631415632e-01	6.726726726726727001e+00
-5.241664056380134218e-01	-4.101362290025548085e-01	6.766766766766767027e+00
-5.192127196513842691e-01	-4.051825430159256558e-01	6.806806806806807053e+00
-5.133351388479329147e-01	-3.993049622124741904e-01	6.846846846846847079e+00
-5.065248384707752294e-01	-3.924946618353166161e-01	6.886886886886887105e+00
-4.987748202035578449e-01	-3.847446435680991206e-01	6.926926926926927131e+00
-4.900799566291376141e-01	-3.760497799936788899e-01	6.966966966966967156e+00
-4.804370322865205711e-01	-3.664068556510618468e-01	7.007007007007007182e+00
-4.698447811945103414e-01	-3.558146045590516726e-01	7.047047047047047208e+00
-4.583039207032756357e-01	-3.442737440678169114e-01	7.087087087087087234e+00
-4.458171816189367420e-01	-3.317870049834780177e-01	7.127127127127127260e+00
-4.323893344180416709e-01	-3.183591577825830021e-01	7.167167167167167285e+00
-4.180272115045573500e-01	-3.039970348690986257e-01	7.207207207207207311e+00
-4.027397254007343830e-01	-2.887095487652757142e-01	7.247247247247247337e+00
-3.865378827710779785e-01	-2.725077061356192543e-01	7.287287287287287363e+00
-3.694347942407042451e-01	-2.554046176052455208e-01	7.327327327327327389e+00
-3.514456798969916029e-01	-2.374155032615329064e-01	7.367367367367367414e+00
-3.325878704093823135e-01	-2.185576937739236170e-01	7.407407407407407440e+00
-3.128808037479250403e-01	-1.988506271124664271e-01	7.447447447447447466e+00
-2.923460174307211945e-01	-1.783158407952625257e-01	7.487487487487487492e+00
-2.710071362979140086e-01	-1.569769596624553121e-01	7.527527527527527518e+00
-2.488898557777929343e-01	-1.348596791423342378e-01	7.567567567567567544e+00
-2.260219205553770372e-01	-1.119917439199183268e-01	7.607607607607607569e+00
-2.024330987231554302e-01	-8.840292208769669202e-02	7.647647647647647595e+00
-1.781551513801553355e-01	-6.412497474469661118e-02	7.687687687687687621e+00
-1.532217976959674988e-01	-3.919162106050876754e-02	7.727727727727727647e+00
-1.276686754639816679e-01	-1.363849882852297135e-02	7.767767767767767673e+00
-1.015332938174948879e-01	1.240508820368113607e-02	7.807807807807807698e+00
-7.485475850648887208e-02	3.838111897486403551e-02	7.847847847847847724e+00
-4.767305369348082827e-02	6.415110103324535296e-02	7.887887887887887750e+00
-2.002875510499774192e-02	8.965845633285000893e-02	7.927927927927927776e+00
8.037051275066323802e-03	1.148510821585240621e-01	7.967967967967967802e+00
3.648284243179580888e-02	1.396813618553086889e-01	8.008008008008008716e+00
6.526672589443432981e-02	1.641061306974724854e-01	8.048048048048048742e+00
9.434650177693312822e-02	1.880866018923117999e-01	8.088088088088088767e+00
1.236797194687130480e-01	2.115882576960314565e-01	8.128128128128128793e+00
1.532237291919816002e-01	2.345807105702106266e-01	8.168168168168168819e+00
1.829357286896897139e-01	2.570375391612285676e-01	8.208208208208208845e+00
2.127728052967914618e-01	2.789361039569280831e-01	8.248248248248248871e+00
2.426919737909556396e-01	3.002573466852678785e-01	8.288288288288288896e+00
2.726502103516393882e-01	3.209855777733431337e-01	8.328328328328328922e+00
3.026044829932724167e-01	3.411082553412017049e-01	8.368368368368368948e+00
3.325117788618042747e-01	3.606157587538129095e-01	8.408408408408408974e+00
3.623291286745990436e-01	3.795011605187335602e-01	8.448448448448449000e+00
3.920136287744195869e-01	3.977599985221994539e-01	8.488488488488489025e+00
4.215224611645607133e-01	4.153900512668591838e-01	8.528528528528529051e+00
4.508129119010474972e-01	4.323911167945158063e-01	8.568568568568569077e+00
4.798423880699910216e-01	4.487647983651315009e-01	8.608608608608609103e+00
5.085684337538763922e-01	4.645142978102453357e-01	8.648648648648649129e+00
5.369487453594219417e-01	4.796442171524306630e-01	8.688688688688689155e+00
5.649411866126489157e-01	4.941603680006241284e-01	8.728728728728729180e+00
5.925038032806740906e-01	5.080695923707587713e-01	8.768768768768769206e+00
6.195948381015665696e-01	5.213795929535144369e-01	8.808808808808809232e+00
6.461727462165837155e-01	5.340987718631792225e-01	8.848848848848849258e+00
6.721962110564618786e-01	5.462360808956887581e-01	8.888888888888889284e+00
6.976241609713141889e-01	5.578008817727427848e-01	8.928928928928929309e+00
7.224157870796497072e-01	5.688028138524456878e-01	8.968968968968969335e+00
7.465305620643506446e-01	5.792516727659787756e-01	9.009009009009009361e+00
7.699282601074614041e-01	5.891572977784366172e-01	9.049049049049049387e+00
7.925689786581011642e-01	5.985294651081707329e-01	9.089089089089089413e+00
8.144131612878987569e-01	6.073777913370345116e-01	9.129129129129129439e+00
8.354216221266212994e-01	6.157116427212674381e-01	9.169169169169169464e+00
8.555555725064283301e-01	6.235400496111731528e-01	9.209209209209209490e+00
8.747766485989550977e-01	6.308716289468823124e-01	9.249249249249249516e+00
8.930469412503050375e-01	6.377145096963766635e-01	9.289289289289289542e+00
9.103290278790905354e-01	6.440762630793454013e-01	9.329329329329329568e+00
9.265860053660701645e-01	6.499638376012709662e-01	9.369369369369369593e+00
9.417815259361667080e-01	6.553834947865888605e-01	9.409409409409409619e+00
9.558798341441452351e-01	6.603407492383702726e-01	9.449449449449449645e+00
9.688458057105342469e-01	6.648403094158856774e-01	9.489489489489489671e+00
9.806449892252867562e-01	6.688860184491394190e-01	9.529529529529529697e+00
9.912436484192631569e-01	6.724807969942887542e-01	9.569569569569569722e+00
1.000608807307492354e+00	6.756265838167569981e-01	9.609609609609609748e+00
1.008708297201453385e+00	6.783242758461554001e-01	9.649649649649649774e+00
1.015510804671943657e+00	6.805736671132381899e-01	9.689689689689689800e+00
1.020985922955747638e+00	6.823733832012167655e-01	9.729729729729729826e+00
1.025104204030121258e+00	6.837208142415699408e-01	9.769769769769769852e+00
1.027837212779086018e+00	6.846120432741935602e-01	9.809809809809809877e+00
1.029157584154819949e+00	6.850417687033089065e-01	9.849849849849849903e+00
1.029039088178287376e+00	6.848376057048182197e-01	9.889889889889889929e+00
1.027457063196680842e+00	6.832555807232119083e-01	9.929929929929929955e+00
1.024389420381087268e+00	6.801879379076182230e-01	9.969969969969969981e+00
1.019816975009044890e+00	6.756154925355759566e-01	1.001001001001001001e+01
1.013723520640784415e+00	6.695220381673155918e-01	1.005005005005005003e+01
1.006095895719917754e+00	6.618944132464489316e-01	1.009009009009009006e+01
9.969240444515240496e-01	6.527225619780548937e-01	1.013013013013013008e+01
9.862010717906665169e-01	6.419995893171974721e-01	1.017017017017017011e+01
9.739232923755362092e-01	6.297218099020671644e-01	1.021021021021021014e+01
9.600902732686429353e-01	6.158887907951738905e-01	1.025025025025025016e+01
9.447048703697386030e-01	6.005033878962695582e-01	1.029029029029029019e+01
9.277732583782537512e-01	5.835717759047847064e-01	1.033033033033033021e+01
9.093049541948268200e-01	5.651034717213576641e-01	1.037037037037037024e+01
8.893128336634563702e-01	5.451113511899873254e-01	1.041041041041041026e+01
8.678131415681594740e-01	5.236116590946905403e-01	1.045045045045045029e+01
8.448254948118998353e-01	5.006240123384307905e-01	1.049049049049049032e+01
8.203728787348029128e-01	4.761713962613339235e-01	1.053053053053053034e+01
7.944816365051539098e-01	4.502801540316849760e-01	1.057057057057057037e+01
7.671814515506141241e-01	4.229799690771451348e-01	1.061061061061061039e+01
7.385053230259897017e-01	3.943038405525207679e-01	1.065065065065065042e+01
7.084895343030873649e-01	3.642880518296182646e-01	1.069069069069069045e+01
6.771736144935859292e-01	3.329721320201169954e-01	1.073073073073073047e+01
6.446002930299041811e-01	3.003988105564353028e-01	1.077077077077077050e+01
6.108154473420995823e-01	2.666139648686306485e-01	1.081081081081081052e+01
5.758680436813945480e-01	2.316665612079256420e-01	1.085085085085085055e+01
5.398100711555232634e-01	1.956085886820543018e-01	1.089089089089089057e+01
5.026964690524690083e-01	1.584949865789999912e-01	1.093093093093093060e+01
4.645850475311573136e-01	1.203835650576883104e-01	1.097097097097097063e+01
4.255364018147366756e-01	8.133491934126765854e-02	1.101101101101101065e+01
3.856138199882677142e-01	4.141233751479872494e-02	1.105105105105105068e+01
3.448831845390733508e-01	6.855647364319970329e-04	1.109109109109109070e+01
3.034127224664420197e-01	-3.983299335527266949e-02	1.113113113113113073e+01
2.612715769331716009e-01	-7.933836407000974256e-02	1.117117117117117076e+01
2.185285548981983628e-01	-1.177607551360707883e-01	1.121121121121121078e+01
1.752519370235098850e-01	-1.550433940740201799e-01	1.125125125125125081e+01
1.315093903256599472e-01	-1.911416543836122472e-01	1.129129129129129083e+01
8.736789812423534363e-02	-2.260221309379019661e-01	1.133133133133133086e+01
4.289370573327976055e-02	-2.596616877210790042e-01	1.137137137137137088e+01
-1.847719697809883932e-03	-2.920464979116023096e-01	1.141141141141141091e+01
-4.679171678753461100e-02	-3.231710930969746154e-01	1.145145145145145094e+01
-9.187444652075249518e-02	-3.530374351140090905e-01	1.149149149149149096e+01
-1.370328993762534309e-01	-3.816540226342421405e-01	1.153153153153153099e+01
-1.822048945177189849e-01	-4.090350404547253294e-01	1.157157157157157101e+01
-2.273290722768100403e-01	-4.351995583999681005e-01	1.161161161161161104e+01
-2.723448812793046736e-01	-4.601707828739780015e-01	1.165165165165165106e+01
-3.171925613868031291e-01	-4.839753633272546596e-01	1.169169169169169109e+01
-3.618131238191800159e-01	-5.066427581852566142e-01	1.173173173173173112e+01
-4.061483290488683839e-01	-5.282046564738371863e-01	1.177177177177177114e+01
-4.501406634713290833e-01	-5.486944553641931455e-01	1.181181181181181117e+01
-4.937333157344525603e-01	-5.681467902306219786e-01	1.185185185185185119e+01
-5.368701537382915001e-01	-5.865971185297130797e-01	1.189189189189189122e+01
-5.794957023332546475e-01	-6.040813513597684814e-01	1.193193193193193125e+01
-6.215551224137858544e-01	-6.206355298897814343e-01	1.197197197197197127e+01
-6.629941921495609014e-01	-6.362955435411767890e-01	1.201201201201201130e+01
-7.037592908633326649e-01	-6.510968883111016847e-01	1.205205205205205132e+01
-7.437973850248491559e-01	-6.650744597204463204e-01	1.209209209209209135e+01
-7.830560172525699025e-01	-6.782623761409296570e-01	1.213213213213213137e+01
-8.214832990548227576e-01	-6.906938328201686073e-01	1.217217217217217140e+01
-8.590279061362907642e-01	-7.024009808651586750e-01	1.221221221221221143e+01
-8.956390770701382342e-01	-7.134148272928240164e-01	1.225225225225225145e+01
-9.312666163285344689e-01	-7.237651569707110877e-01	1.229229229229229148e+01
-9.658608995136875874e-01	-7.334804707181123984e-01	1.233233233233233150e+01
-9.993728828458696700e-01	-7.425879374758896923e-01	1.237237237237237153e+01
-1.031754116354463457e+00	-7.511133611225933038e-01	1.241241241241241156e+01
-1.062956759067551271e+00	-7.590811552745537760e-01	1.245245245245245158e+01
-1.092933599824614577e+00	-7.665143293339519159e-01	1.249249249249249161e+01
-1.121638078344529887e+00	-7.734344792665898138e-01	1.253253253253253163e+01
-1.149024313014633369e+00	-7.798617858059451180e-01	1.257257257257257166e+01
-1.175047127427154114e+00	-7.858150148961994264e-01	1.261261261261261168e+01
-1.199662085067494832e+00	-7.913115228659873823e-01	1.265265265265265171e+01
-1.222825520298693514e+00	-7.963672606075997695e-01	1.269269269269269174e+01
-1.244494579796993738e+00	-8.009967819089716112e-01	1.273273273273273176e+01
-1.264627258064837001e+00	-8.052132462026221349e-01	1.277277277277277179e+01
-1.283182442919247324e+00	-8.090284261911812047e-01	1.281281281281281181e+01
-1.300119958418713084e+00	-8.124527064410673738e-01	1.285285285285285362e+01
-1.315400611069906134e+00	-8.154950849612979669e-01	1.289289289289289364e+01
-1.328986240441109690e+00	-8.181631657844711247e-01	1.293293293293293367e+01
-1.340839766879099448e+00	-8.204631509163654579e-01	1.297297297297297369e+01
-1.350925246992751738e+00	-8.223998231000558823e-01	1.301301301301301372e+01
-1.359207924910587728e+00	-8.239765259133433606e-01	1.305305305305305374e+01
-1.365654290469676679e+00	-8.251951329436595373e-01	1.309309309309309377e+01
-1.370232134717101369e+00	-8.260560129009801855e-01	1.313313313313313380e+01
-1.372910609910670043e+00	-8.265579821852075959e-01	1.317317317317317382e+01
-1.373660289414713631e+00	-8.266878081442022852e-01	1.321321321321321385e+01
-1.372453393354750695e+00	-8.254809120842396819e-01	1.325325325325325387e+01
-1.369265161079171289e+00	-8.222926798086599431e-01	1.329329329329329390e+01
-1.364074944767582176e+00	-8.171024634970709410e-01	1.333333333333333393e+01
-1.356866350494350337e+00	-8.098938692238393244e-01	1.337337337337337395e+01
-1.347627305752054028e+00	-8.006548244815426818e-01	1.341341341341341398e+01
-1.336350118367025885e+00	-7.893776370965145395e-01	1.345345345345345400e+01
-1.323031526644626865e+00	-7.760590453741156303e-01	1.349349349349349403e+01
-1.307672740599737038e+00	-7.607002593292258030e-01	1.353353353353353405e+01
-1.290279474145134886e+00	-7.433069928746235400e-01	1.357357357357357408e+01
-1.270861968127924957e+00	-7.238894868574135000e-01	1.361361361361361411e+01
-1.249435004121893789e+00	-7.024625228513823316e-01	1.365365365365365413e+01
-1.226017908901570586e+00	-6.790454276310590176e-01	1.369369369369369416e+01
-1.200634549541794716e+00	-6.536620682712832586e-01	1.373373373373373418e+01
-1.173313319104829722e+00	-6.263408378343182648e-01	1.377377377377377421e+01
-1.144087112895655123e+00	-5.971146316251434438e-01	1.381381381381381424e+01
-1.112993295285129580e+00	-5.660208140146179012e-01	1.385385385385385426e+01
-1.080073657119996922e+00	-5.331011758494851316e-01	1.389389389389389429e+01
-1.045374363758378555e+00	-4.984018824878669318e-01	1.393393393393393431e+01
-1.008945893793970150e+00	-4.619734125234585265e-01	1.397397397397397434e+01
-9.708429685130828268e-01	-4.238704872425710923e-01	1.401401401401401436e+01
-9.311244722073508395e-01	-3.841519909368391605e-01	1.405405405405405439e+01
-8.898533634453296148e-01	-3.428808821748179358e-01	1.409409409409409442e+01
-8.470965774292524841e-01	-3.001240961587408052e-01	1.413413413413413444e+01
-8.029249195868437550e-01	-2.559524383163321315e-01	1.417417417417417447e+01
-7.574129505639363158e-01	-2.104404692934247201e-01	1.421421421421421449e+01
-7.106388628012090258e-01	-1.636663815306974024e-01	1.425425425425425452e+01
-6.626843488957546713e-01	-1.157118676252430756e-01	1.429429429429429455e+01
-6.136344619653191224e-01	-6.666198069480747113e-02	1.433433433433433457e+01
-5.635774682498441157e-01	-1.660498697933251999e-02	1.437437437437437460e+01
-5.126046288760706116e-01	3.359046495405471761e-02	1.441441441441441462e+01
-4.608086444649331370e-01	8.212677577839420928e-02	1.445445445445445465e+01
-4.082812579235454153e-01	1.288736301896017400e-01	1.449449449449449467e+01
-3.551127651602331015e-01	1.737828327729112610e-01	1.453453453453453470e+01
-3.013919303389814841e-01	2.168252108956140733e-01	1.457457457457457473e+01
-2.472059293175362937e-01	2.579885131017535804e-01	1.461461461461461475e+01
-1.926403174296232590e-01	2.972753541218376983e-01	1.465465465465465478e+01
-1.377790182785570972e-01	3.347012396611592222e-01	1.469469469469469480e+01
-8.270433033026414194e-02	3.702926952334321675e-01	1.473473473473473483e+01
-2.749694818680673003e-02	4.040855185577227893e-01	1.477477477477477485e+01
2.776400421233599786e-02	4.361231667627448183e-01	1.481481481481481488e+01
8.300093103261452221e-02	4.664552838445786276e-01	1.485485485485485491e+01
1.381377150028275658e-01	4.951363705622750522e-01	1.489489489489489493e+01
1.930996630029132577e-01	5.222245952453729023e-01	1.493493493493493496e+01
2.478134486547309001e-01	5.477807411345706479e-01	1.497497497497497498e+01
3.022070535440225525e-01	5.718672836157905337e-01	1.501501501501501501e+01
3.562097084977768890e-01	5.945475895113958575e-01	1.505505505505505504e+01
4.097518361324419822e-01	6.158852295912611297e-01	1.509509509509509506e+01
4.627649956978580614e-01	6.359433949452309998e-01	1.513513513513513509e+01
5.151818310668641043e-01	6.547844076714769423e-01	1.517517517517517511e+01
5.669360225614030746e-01	6.724693164093306086e-01	1.521521521521521514e+01
6.179622431626148327e-01	6.890575675191598082e-01	1.525525525525525516e+01
6.681961195255586849e-01	7.046067431375170331e-01	1.529529529529529519e+01
7.175741981434100580e-01	7.191723579226618757e-01	1.533533533533533522e+01
7.660339168460739145e-01	7.328077066036863263e-01	1.537537537537537524e+01
8.135135817165813910e-01	7.455637555378473724e-01	1.541541541541541527e+01
8.599523495046528243e-01	7.574890715883737524e-01	1.545545545545545529e+01
9.052902155114104232e-01	7.686297825753113377e-01	1.549549549549549532e+01
9.494680069825801594e-01	7.790295641954105843e-01	1.553553553553553535e+01
9.924273819292763754e-01	7.887296486095599635e-01	1.557557557557557537e+01
1.034110832801677482e+00	7.977688504778462919e-01	1.561561561561561540e+01
1.074461695211966328e+00	8.061836070352139672e-01	1.565565565565565542e+01
1.113424161820973923e+00	8.140080290172619915e-01	1.569569569569569545e+01
1.150943300530028024e+00	8.212739591674595996e-01	1.573573573573573547e+01
1.186965076546780518e+00	8.280110363100783299e-01	1.577577577577577550e+01
1.221436379609853295e+00	8.342467635719106323e-01	1.581581581581581553e+01
1.254305054127037744e+00	8.400065767867571642e-01	1.585585585585585555e+01
1.285519932904832574e+00	8.453139141273749990e-01	1.589589589589589558e+01
1.315030875500099006e+00	8.501902843585659175e-01	1.593593593593593560e+01
1.342788807118840078e+00	8.546553308560236317e-01	1.597597597597597563e+01
1.368745763797300841e+00	8.587268954448288305e-01	1.601601601601601743e+01
1.392854936238453911e+00	8.624210734692614455e-01	1.605605605605605746e+01
1.415070720125485293e+00	8.657522681686155019e-01	1.609609609609609748e+01
1.435348764411771061e+00	8.687332349355827432e-01	1.613613613613613751e+01
1.453646025803513764e+00	8.713751224772424697e-01	1.617617617617617753e+01
1.469920820410803852e+00	8.736875039717716396e-01	1.621621621621621756e+01
1.484132881962113570e+00	8.756784023632866454e-01	1.625625625625625759e+01
1.496243415831381540e+00	8.773543060425962326e-01	1.629629629629629761e+01
1.506215160194414482e+00	8.787201756531231034e-01	1.633633633633633764e+01
1.514012442263698910e+00	8.797794419351209205e-01	1.637637637637637766e+01
1.519601241094880040e+00	8.805339912726725116e-01	1.641641641641641769e+01
1.522949246348726415e+00	8.809841426452656998e-01	1.645645645645645772e+01
1.524025921574328590e+00	8.811277186462120881e-01	1.649649649649649774e+01
1.522802715523850381e+00	8.799045125957343227e-01	1.653653653653653777e+01
1.519254640690687053e+00	8.763564377625709945e-01	1.657657657657657779e+01
1.513361765124695113e+00	8.704635621965789438e-01	1.661661661661661782e+01
1.505109403050532757e+00	8.622112001224168099e-01	1.665665665665665784e+01
1.494488177094119186e+00	8.515899741660031275e-01	1.669669669669669787e+01
1.481494069567515393e+00	8.385958666393993344e-01	1.673673673673673790e+01
1.466128462673668809e+00	8.232302597455528614e-01	1.677677677677677792e+01
1.448398167511986356e+00	8.054999645838701872e-01	1.681681681681681795e+01
1.428315441787722628e+00	7.854172388596064591e-01	1.685685685685685797e+01
1.405897996150454299e+00	7.629997932223382406e-01	1.689689689689689800e+01
1.381168989109383238e+00	7.382707861812672911e-01	1.693693693693693803e+01
1.354157010495815827e+00	7.112588075676997690e-01	1.697697697697697805e+01
1.324896053465811407e+00	6.819978505376952382e-01	1.701701701701701808e+01
1.293425475058683327e+00	6.505272721305672690e-01	1.705705705705705810e+01
1.259789945349846896e+00	6.168917424217308376e-01	1.709709709709709813e+01
1.224039385259455326e+00	5.811411823313393787e-01	1.713713713713713815e+01
1.186228893101247461e+00	5.433306901731315142e-01	1.717717717717717818e+01
1.146418659978731824e+00	5.035204570506159882e-01	1.721721721721721821e+01
1.104673874158113911e+00	4.617756712299980748e-01	1.725725725725725823e+01
1.061064614569323883e+00	4.181664116412080467e-01	1.729729729729729826e+01
1.015665733608385857e+00	3.727675306802700206e-01	1.733733733733733828e+01
9.685567294362344981e-01	3.256585265081186065e-01	1.737737737737737831e+01
9.198216079907547416e-01	2.769234050626388499e-01	1.741741741741741833e+01
8.695487349500309326e-01	2.266505320219150410e-01	1.745745745745745836e+01
8.178306779053932107e-01	1.749324749772773191e-01	1.749749749749749839e+01
7.647640390228435114e-01	1.218658360947275227e-01	1.753753753753753841e+01
7.104492784909307579e-01	6.755107556281489400e-02	1.757757757757757844e+01
6.549905291072533053e-01	1.209232617913743452e-02	1.761761761761761846e+01
5.984952656738551369e-01	-4.314211915001844172e-02	1.765765765765765849e+01
5.410720814248630717e-01	-9.622231362462257964e-02	1.769769769769769852e+01
4.828280004214779431e-01	-1.470688695340857666e-01	1.773773773773773854e+01
4.238680549231246264e-01	-1.956444418290113618e-01	1.777777777777777857e+01
3.642952068616260863e-01	-2.419350818028998540e-01	1.781781781781781859e+01
3.042103038168749163e-01	-2.859472119355956909e-01	1.785785785785785862e+01
2.437120644828912330e-01	-3.277047278450125889e-01	1.789789789789789864e+01
1.828970888488883062e-01	-3.672462696468847820e-01	1.793793793793793867e+01
1.218598888564067090e-01	-4.046226883584048140e-01	1.797797797797797870e+01
6.069293534366678594e-02	-4.398947263013137099e-01	1.801801801801801872e+01
-5.132824360377583051e-04	-4.731309198739018784e-01	1.805805805805805875e+01
-6.167018804488502703e-02	-5.044057254935498946e-01	1.809809809809809877e+01
-1.226910428061598196e-01	-5.337978640735143721e-01	1.813813813813813880e+01
-1.834908670657748042e-01	-5.613888750842382924e-01	1.817817817817817883e+01
-2.439863600191123916e-01	-5.872618681432000276e-01	1.821821821821821885e+01
-3.040958200284104018e-01	-6.115004580124279165e-01	1.825825825825825888e+01
-3.637390670407861237e-01	-6.341878676556104155e-01	1.829829829829829890e+01
-4.228373684421043444e-01	-6.554061835064808328e-01	1.833833833833833893e+01
-4.813133694279310149e-01	-6.752357471063233918e-01	1.837837837837837895e+01
-5.390910287459920180e-01	-6.937546676800323553e-01	1.841841841841841898e+01
-5.960955604633340066e-01	-7.110384409231844671e-01	1.845845845845845901e+01
-6.522533822345231158e-01	-7.271596601752912115e-01	1.849849849849849903e+01
-7.074920703931916188e-01	-7.421878071824871137e-01	1.853853853853853906e+01
-7.617403220565623911e-01	-7.561891107487608288e-01	1.857857857857857908e+01
-8.149279243262932404e-01	-7.692264626881468725e-01	1.861861861861861911e+01
-8.669857305801559333e-01	-7.813593815454229485e-01	1.865865865865865914e+01
-9.178456437266326873e-01	-7.926440157170633327e-01	1.869869869869869916e+01
-9.674406062703839737e-01	-8.031331784571770216e-01	1.873873873873873919e+01
-1.015704596954312589e+00	-8.128764082484750686e-01	1.877877877877877921e+01
-1.062572633738274819e+00	-8.219200490252356328e-01	1.881881881881881924e+01
-1.107980782900681804e+00	-8.303073451760062396e-01	1.885885885885885926e+01
-1.151866173961118456e+00	-8.380785472110551249e-01	1.889889889889889929e+01
-1.194167019655135498e+00	-8.452710242185587086e-01	1.893893893893893932e+01
-1.234822641132703458e+00	-8.519193809821080654e-01	1.897897897897897934e+01
-1.273773498229845202e+00	-8.580555763362973654e-01	1.901901901901901937e+01
-1.310961223599321768e+00	-8.637090402535259059e-01	1.905905905905905939e+01
-1.346328660653230758e+00	-8.689067892872425203e-01	1.909909909909909942e+01
-1.379819906311234412e+00	-8.736735384622825729e-01	1.913913913913913944e+01
-1.411380355444665335e+00	-8.780318059490200833e-01	1.917917917917917947e+01
-1.440956749423584204e+00	-8.820020144077683755e-01	1.921921921921921950e+01
-1.468497227561671226e+00	-8.856025833522624957e-01	1.925925925925925952e+01
-1.493951378938536134e+00	-8.888500135589308959e-01	1.929929929929929955e+01
-1.517270299868078487e+00	-8.917589656004510923e-01	1.933933933933933957e+01
-1.538406648284024181e+00	-8.943423252334212759e-01	1.937937937937937960e+01
-1.557314705519784459e+00	-8.966112645021777627e-01	1.941941941941941963e+01
-1.573950432793647547e+00	-8.985752876669474976e-01	1.945945945945945965e+01
-1.588271535744482099e+00	-9.002422713951722111e-01	1.949949949949949968e+01
-1.600237522686873248e+00	-9.016184904845255810e-01	1.953953953953953970e+01
-1.609809770554237351e+00	-9.027086342900111360e-01	1.957957957957957973e+01
-1.616951584737368552e+00	-9.035158104178198091e-01	1.961961961961961975e+01
-1.621628265175179662e+00	-9.040415348451125155e-01	1.965965965965965978e+01
-1.623807167874892432e+00	-9.042857104404240509e-01	1.969969969969969981e+01
-1.623457794904286322e+00	-9.037880509576172727e-01	1.973973973973973983e+01
-1.620552817361686548e+00	-9.008830734150173880e-01	1.977977977977977986e+01
-1.615070273965245162e+00	-8.954005300185761129e-01	1.981981981981981988e+01
-1.606994152756022087e+00	-8.873244088093529269e-01	1.985985985985985991e+01
-1.596314457498331452e+00	-8.766447135516621803e-01	1.989989989989989994e+01
-1.583027258825473238e+00	-8.633575148788038556e-01	1.993993993993993996e+01
-1.567134732618122417e+00	-8.474649886714531455e-01	1.997997997997997999e+01
-1.548645185504697430e+00	-8.289754415580284919e-01	2.002002002002002001e+01
-1.527573067398742879e+00	-8.079033234520739404e-01	2.006006006006006004e+01
-1.503938971014203929e+00	-7.842692270675351018e-01	2.010010010010010006e+01
-1.477769618325434742e+00	-7.580998743787659144e-01	2.014014014014014009e+01
-1.449097833964818394e+00	-7.294280900181494554e-01	2.018018018018018012e+01
-1.417962505577017751e+00	-6.982927616303489238e-01	2.022022022022022014e+01
-1.384408531175089552e+00	-6.647387872284208354e-01	2.026026026026026017e+01
-1.348486753569933860e+00	-6.288170096232650330e-01	2.030030030030030019e+01
-1.310253881970641965e+00	-5.905841380239729155e-01	2.034034034034034022e+01
-1.269772400879033647e+00	-5.501026569323648197e-01	2.038038038038038025e+01
-1.227110466427017821e+00	-5.074407224803488825e-01	2.042042042042042027e+01
-1.182341790330586839e+00	-4.626720463839180675e-01	2.046046046046046030e+01
-1.135545511659470819e+00	-4.158757677128018804e-01	2.050050050050050032e+01
-1.086806056646590690e+00	-3.671363126999216964e-01	2.054054054054054035e+01
-1.036212986786175572e+00	-3.165432428395067999e-01	2.058058058058058037e+01
-9.838608354933781053e-01	-2.641910915467092225e-01	2.062062062062062040e+01
-9.298489336213925371e-01	-2.101791896747236543e-01	2.066066066066066043e+01
-8.742812241545455665e-01	-1.546114802078766559e-01	2.070070070070070045e+01
-8.172660664177667789e-01	-9.759632247109788217e-02	2.074074074074074048e+01
-7.589160302012065706e-01	-3.924628625453756986e-02	2.078078078078078050e+01
-6.993476693742668449e-01	1.994867766902047243e-02	2.082082082082082053e+01
-6.386802823680004515e-01	7.724457500751526207e-02	2.086086086086086056e+01
-5.770323350486865621e-01	1.320493600697146830e-01	2.090090090090090058e+01
-5.145200887239579357e-01	1.843152815031100233e-01	2.094094094094094061e+01
-4.512574784388041493e-01	2.340234376090734592e-01	2.098098098098098063e+01
-3.873560541470927321e-01	2.811799749431452278e-01	2.102102102102102066e+01
-3.229249585970312975e-01	3.258124399743252408e-01	2.106106106106106068e+01
-2.580709358976678858e-01	3.679663438746944570e-01	2.110110110110110071e+01
-1.928983654604524423e-01	4.077019780947514493e-01	2.114114114114114074e+01
-1.275093160433589112e-01	4.450915058188343876e-01	2.118118118118118076e+01
-6.200361525913698768e-02	4.802163413320031937e-01	2.122122122122122079e+01
3.521069619740531398e-03	5.131648188032511548e-01	2.126126126126126081e+01
6.896914325019329328e-02	5.440301440987282966e-01	2.130130130130130084e+01
1.342469894159492583e-01	5.729086172592906534e-01	2.134134134134134086e+01
1.992628766068978152e-01	5.998981092053540243e-01	2.138138138138138089e+01
2.639268643101139178e-01	6.250967737540676916e-01	2.142142142142142092e+01
3.281507119612502854e-01	6.486019737350140479e-01	2.146146146146146094e+01
3.918477921861235336e-01	6.705094002205140846e-01	2.150150150150150097e+01
4.549330095915258276e-01	6.909123635235470129e-01	2.154154154154154099e+01
5.173227260989109455e-01	7.099012354567570959e-01	2.158158158158158102e+01
5.789346935651259463e-01	7.275630234092533843e-01	2.162162162162162105e+01
6.396879942161586285e-01	7.439810581099192133e-01	2.166166166166166107e+01
6.995029892316201314e-01	7.592347784122326360e-01	2.170170170170170110e+01
7.583012756570345347e-01	7.733995979738556015e-01	2.174174174174174112e+01
8.160056516853197994e-01	7.865468402507647117e-01	2.178178178178178115e+01
8.725400902353069865e-01	7.987437297337688369e-01	2.182182182182182117e+01
9.278297206612441395e-01	8.100534287944082257e-01	2.186186186186186120e+01
9.818008183519203458e-01	8.205351108633360813e-01	2.190190190190190123e+01
1.034380801923345139e+00	8.302440619216276962e-01	2.194194194194194125e+01
1.085498237686767897e+00	8.392318032455211574e-01	2.198198198198198128e+01
1.135082851008357707e+00	8.475462297612756934e-01	2.202202202202202130e+01
1.183065544029287652e+00	8.552317586471556154e-01	2.206206206206206133e+01
1.229378419412716417e+00	8.623294843221841477e-01	2.210210210210210136e+01
1.273954809809055844e+00	8.688773365181328145e-01	2.214214214214214138e+01
1.316729312654862039e+00	8.749102376963193706e-01	2.218218218218218141e+01
1.357637829235491145e+00	8.804602578116653699e-01	2.222222222222222143e+01
1.396617608197654459e+00	8.855567654581060211e-01	2.226226226226226146e+01
1.433607293613649913e+00	8.902265728376150822e-01	2.230230230230230148e+01
1.468546975427716283e+00	8.944940720418593783e-01	2.234234234234234151e+01
1.501378243498732612e+00	8.983813653349197459e-01	2.238238238238238154e+01
1.532044245215123723e+00	9.019083852720559680e-01	2.242242242242242156e+01
1.560489742996889140e+00	9.050930036771290821e-01	2.246246246246246159e+01
1.586661177248809285e+00	9.079511343952016977e-01	2.250250250250250161e+01
1.610506727427199580e+00	9.104968203479529842e-01	2.254254254254254164e+01
1.631976377183421034e+00	9.127423141583578259e-01	2.258258258258258167e+01
1.651021979209015500e+00	9.146981443907862275e-01	2.262262262262262169e+01
1.667597320739948819e+00	9.163731713450798955e-01	2.266266266266266172e+01
1.681658191068266417e+00	9.177746309765765220e-01	2.270270270270270174e+01
1.693162446882643835e+00	9.189081651532224893e-01	2.274274274274274177e+01
1.702070081109129607e+00	9.197778404745537983e-01	2.278278278278278179e+01
1.708343287617907214e+00	9.203861520011694664e-01	2.282282282282282182e+01
1.711946530454157678e+00	9.207340136410298026e-01	2.286286286286286185e+01
1.712846608063424148e+00	9.207854527668146716e-01	2.290290290290290187e+01
1.711013028576227724e+00	9.189518732796182476e-01	2.294294294294294190e+01
1.706420191183257939e+00	9.143590358866484635e-01	2.298298298298298192e+01
1.699048923902169994e+00	9.069877686055604071e-01	2.302302302302302195e+01
1.688886632114462660e+00	8.968254768178532954e-01	2.306306306306306197e+01
1.675927354703828254e+00	8.838661994072188888e-01	2.310310310310310200e+01
1.660171806071862877e+00	8.681106507752535117e-01	2.314314314314314203e+01
1.641627403918825223e+00	8.495662486222159693e-01	2.318318318318318205e+01
1.620308282703205371e+00	8.282471274065961175e-01	2.322322322322322208e+01
1.596235292722752330e+00	8.041741374261427433e-01	2.326326326326326210e+01
1.569435984788542404e+00	7.773748294919330393e-01	2.330330330330330213e+01
1.539944580492647930e+00	7.478834251960383428e-01	2.334334334334334216e+01
1.507801928098985833e+00	7.157407728023762461e-01	2.338338338338338218e+01
1.473055444115975776e+00	6.809942888193660782e-01	2.342342342342342221e+01
1.435759040638587614e+00	6.436978853419776936e-01	2.346346346346346223e+01
1.395973038576068248e+00	6.039118832794584391e-01	2.350350350350350226e+01
1.353764066909951991e+00	5.617029116133420708e-01	2.354354354354354228e+01
1.309204948154990555e+00	5.171437928583806354e-01	2.358358358358358231e+01
1.262374570223594450e+00	4.703134149269844744e-01	2.362362362362362234e+01
1.213357744922302750e+00	4.212965896256929410e-01	2.366366366366366236e+01
1.162245053336425915e+00	3.701838980398161061e-01	2.370370370370370239e+01
1.109132678385922777e+00	3.170715230893128567e-01	2.374374374374374241e+01
1.054122224861586465e+00	2.620610695649763788e-01	2.378378378378378244e+01
9.973205272757666995e-01	2.052593719791566962e-01	2.382382382382382247e+01
9.388394458863784653e-01	1.467782905897684342e-01	2.386386386386386249e+01
8.787956512770684903e-01	8.673449598045847309e-02	2.390390390390390252e+01
8.173103979368633309e-01	2.524924264025330684e-02	2.394394394394394254e+01
7.545092163542342911e-01	-3.654021374858382881e-02	2.398398398398398257e+01
6.905197459519060166e-01	-9.581274779427292887e-02	2.402402402402402259e+01
6.254679995465213249e-01	-1.523451989160155839e-01	2.406406406406406262e+01
5.594775351560938859e-01	-2.060984892015423897e-01	2.410410410410410265e+01
4.926693600719329602e-01	-2.570649453291035114e-01	2.414414414414414267e+01
4.251618832890777244e-01	-3.052638730652907917e-01	2.418418418418418270e+01
3.570709071628727638e-01	-3.507373475386189043e-01	2.422422422422422272e+01
2.885096518978562119e-01	-3.935462843296844704e-01	2.426426426426426275e+01
2.195888063714012406e-01	-4.337668303621862731e-01	2.430430430430430278e+01
1.504165994830773401e-01	-4.714870974409022253e-01	2.434434434434434280e+01
8.109888681949781186e-02	-5.068042476029868126e-01	2.438438438438438283e+01
1.173924809705699512e-02	-5.398219260802938901e-01	2.442442442442442285e+01
-5.756090877354147484e-02	-5.706480304978616136e-01	2.446446446446446288e+01
-1.267022404795678792e-01	-5.993927977228400428e-01	2.450450450450450290e+01
-1.955873608947196751e-01	-6.261671852278397621e-01	2.454454454454454293e+01
-2.641207359527312781e-01	-6.510815221504927530e-01	2.458458458458458296e+01
-3.322085827727871976e-01	-6.742444037900524600e-01	2.462462462462462298e+01
-3.997587747384231949e-01	-6.957618027469908428e-01	2.466466466466466301e+01
-4.666807537933838068e-01	-7.157363709658421946e-01	2.470470470470470303e+01
-5.328854508837039816e-01	-7.342669079194803494e-01	2.474474474474474306e+01
-5.982852152279631852e-01	-7.514479719326404572e-01	2.478478478478478308e+01
-6.627937528609744167e-01	-7.673696134496618138e-01	2.482482482482482311e+01
-7.263260746940585211e-01	-7.821172109878644640e-01	2.486486486486486314e+01
-7.887984541649908365e-01	-7.957713924938111250e-01	2.490490490490490316e+01
-8.501283944098280143e-01	-8.084080267649627061e-01	2.494494494494494319e+01
-9.102346047739028334e-01	-8.200982714615667746e-01	2.498498498498498321e+01
-9.690369863866663547e-01	-8.309086659763169624e-01	2.502502502502502324e+01
-1.026456626450795051e+00	-8.409012590304961732e-01	2.506506506506506327e+01
-1.082415800836442621e+00	-8.501337623180884595e-01	2.510510510510510329e+01
-1.136837984525332024e+00	-8.586597228340551169e-01	2.514514514514514332e+01
-1.189647869422253423e+00	-8.665287077309370423e-01	2.518518518518518334e+01
-1.240771389058669572e+00	-8.737864966566711855e-01	2.522522522522522337e+01
-1.290135749711178503e+00	-8.804752769285777436e-01	2.526526526526526339e+01
-1.337669467431761738e+00	-8.866338385202161554e-01	2.530530530530530342e+01
-1.383302410096217461e+00	-8.922977653477334181e-01	2.534534534534534345e+01
-1.426965844549188400e+00	-8.974996220235093025e-01	2.538538538538538347e+01
-1.468592488372893579e+00	-9.022691327554556162e-01	2.542542542542542350e+01
-1.508116564976074603e+00	-9.066333509533605062e-01	2.546546546546546352e+01
-1.545473861988413189e+00	-9.106168202351981877e-01	2.550550550550550355e+01
-1.580601793845829217e+00	-9.142417251745158513e-01	2.554554554554554358e+01
-1.613439464953746239e+00	-9.175280284435775036e-01	2.558558558558558360e+01
-1.643927736500400139e+00	-9.204936000529813089e-01	2.562562562562562363e+01
-1.672009295011656071e+00	-9.231543320498216687e-01	2.566566566566566721e+01
-1.697628720152638770e+00	-9.255242411982701478e-01	2.570570570570570723e+01
-1.720732557657082440e+00	-9.276155619999888469e-01	2.574574574574574726e+01
-1.741269387398549862e+00	-9.294388225984918650e-01	2.578578578578578728e+01
-1.759189898363591409e+00	-9.310029134233354098e-01	2.582582582582582731e+01
-1.774446956972035139e+00	-9.323151376569892568e-01	2.586586586586586733e+01
-1.786995681887486143e+00	-9.333812526493105999e-01	2.590590590590590736e+01
-1.796793512608783505e+00	-9.342054949959198717e-01	2.594594594594594739e+01
-1.803800282477505235e+00	-9.347905926141594213e-01	2.598598598598598741e+01
-1.807978287368193770e+00	-9.351377623655809934e-01	2.602602602602602744e+01
-1.809292355876906955e+00	-9.352440493502727215e-01	2.606606606606606746e+01
-1.807710128941596661e+00	-9.336618224149620948e-01	2.610610610610610749e+01
-1.803204177043446377e+00	-9.291558705168120325e-01	2.614614614614614752e+01
-1.795753935736375206e+00	-9.217056292097408621e-01	2.618618618618618754e+01
-1.785345926260990534e+00	-9.112976197343560791e-01	2.622622622622622757e+01
-1.771973813318297841e+00	-8.979255067916631639e-01	2.626626626626626759e+01
-1.755638447501453925e+00	-8.815901409748194695e-01	2.630630630630630762e+01
-1.736347892274348492e+00	-8.622995857477138149e-01	2.634634634634634764e+01
-1.714117435413027080e+00	-8.400691288863925132e-01	2.638638638638638767e+01
-1.688969584861620410e+00	-8.149212783349857325e-01	2.642642642642642770e+01
-1.660934048983983224e+00	-7.868857424573484360e-01	2.646646646646646772e+01
-1.630047701223840795e+00	-7.559993946972058954e-01	2.650650650650650775e+01
-1.596354529217826057e+00	-7.223062226911912687e-01	2.654654654654654777e+01
-1.559905568437300438e+00	-6.858572619106655388e-01	2.658658658658658780e+01
-1.520758820466189931e+00	-6.467105139395553648e-01	2.662662662662662783e+01
-1.478979156053079613e+00	-6.049308495264451579e-01	2.666666666666666785e+01
-1.434638203106446630e+00	-5.605898965798119526e-01	2.670670670670670788e+01
-1.387814219832364193e+00	-5.137659133057295158e-01	2.674674674674674790e+01
-1.338591953244371524e+00	-4.645436467177369022e-01	2.678678678678678793e+01
-1.287062483305370097e+00	-4.130141767787354756e-01	2.682682682682682795e+01
-1.233323052990972890e+00	-3.592747464643381572e-01	2.686686686686686798e+01
-1.177476884592379980e+00	-3.034285780657453024e-01	2.690690690690690801e+01
-1.119632982604532589e+00	-2.455846760778979954e-01	2.694694694694694803e+01
-1.059905923572213027e+00	-1.858576170455784882e-01	2.698698698698698806e+01
-9.984156332932098143e-01	-1.243673267665751231e-01	2.702702702702702808e+01
-9.352871518038730070e-01	-6.123884527723830185e-02	2.706706706706706811e+01
-8.706503862803007809e-01	3.324225543308374081e-03	2.710710710710710813e+01
-8.046392984614826327e-01	6.645653924314956496e-02	2.714714714714714816e+01
-7.373880239812351522e-01	1.266727611339200366e-01	2.718718718718718819e+01
-6.690282650324487213e-01	1.839139687954408631e-01	2.722722722722722821e+01
-5.996890396182061878e-01	2.381587819599980949e-01	2.726726726726726824e+01
-5.294966090891158883e-01	2.894181994811065861e-01	2.730730730730730826e+01
-4.585744536024769502e-01	3.377306485112460677e-01	2.734734734734734829e+01
-3.870432875457752164e-01	3.831573326986796868e-01	2.738738738738738832e+01
-3.150211073225592240e-01	4.257779403195574575e-01	2.742742742742742834e+01
-2.426232646060699216e-01	4.656867476212752099e-01	2.746746746746746837e+01
-1.699625587978006447e-01	5.029891323077831933e-01	2.750750750750750839e+01
-9.714934315626766459e-02	5.377984983311902001e-01	2.754754754754754842e+01
-2.429163989339813007e-02	5.702336008355597397e-01	2.758758758758758844e+01
4.850474021062690932e-02	6.004162518713599406e-01	2.762762762762762847e+01
1.211360771738090175e-01	6.284693797674592020e-01	2.766766766766766850e+01
1.935006231030993729e-01	6.545154131057508984e-01	2.770770770770770852e+01
2.654984877541237132e-01	6.786749581711777335e-01	2.774774774774774855e+01
3.370315305335062628e-01	7.010657378786436800e-01	2.778778778778778857e+01
4.080032603824890747e-01	7.218017605860104213e-01	2.782782782782782860e+01
4.783187446800403197e-01	7.409926888833193726e-01	2.786786786786786863e+01
5.478845279968478366e-01	7.587433807139054576e-01	2.790790790790790865e+01
6.166085612205713939e-01	7.751535767307301539e-01	2.794794794794794868e+01
6.844001414069433853e-01	7.903177105186625084e-01	2.798798798798798870e+01
7.511698624221194720e-01	8.043248206719159077e-01	2.802802802802802873e+01
8.168295763062248804e-01	8.172585461312580346e-01	2.806806806806806875e+01
8.812923651538333569e-01	8.291971884708748686e-01	2.810810810810810878e+01
9.444725231963836398e-01	8.402138269653990355e-01	2.814814814814814881e+01
1.006285548684513920e+00	8.503764742463579829e-01	2.818818818818818883e+01
1.066648145101206646e+00	8.597482621565699645e-01	2.822822822822822886e+01
1.125478231186339162e+00	8.683876490280980631e-01	2.826826826826826888e+01
1.182694959219392050e+00	8.763486410585205055e-01	2.830830830830830891e+01
1.238218740994464939e+00	8.836810217575284954e-01	2.834834834834834894e+01
1.291971280906630604e+00	8.904305842449244945e-01	2.838838838838838896e+01
1.343875615626773934e+00	8.966393627574158476e-01	2.842842842842842899e+01
1.393856159522207205e+00	9.023458595574206376e-01	2.846846846846846901e+01
1.441838755439876607e+00	9.075852653572884510e-01	2.850850850850850904e+01
1.487750730489808770e+00	9.123896713418456761e-01	2.854854854854854906e+01
1.531520956173823000e+00	9.167882701891072461e-01	2.858858858858858909e+01
1.573079911389828389e+00	9.208075454012240035e-01	2.862862862862862912e+01
1.612359749565391631e+00	9.244714505117616055e-01	2.866866866866866914e+01
1.649294368644534714e+00	9.278015736905971256e-01	2.870870870870870917e+01
1.683819481579844624e+00	9.308172888063772632e-01	2.874874874874874919e+01
1.715872691279913820e+00	9.335358966794001789e-01	2.878878878878878922e+01
1.745393564849439416e+00	9.359727485568063443e-01	2.882882882882882924e+01
1.772323709250873236e+00	9.381413594700070968e-01	2.886886886886886927e+01
1.796606849332290423e+00	9.400535073374972628e-01	2.890890890890890930e+01
1.818188902341878022e+00	9.417193170601929619e-01	2.894894894894894932e+01
1.837018058137219523e+00	9.431473347393177775e-01	2.898898898898898935e+01
1.853044852006984877e+00	9.443445837593296144e-01	2.902902902902902937e+01
1.866222244907048022e+00	9.453166117367081123e-01	2.906906906906906940e+01
1.876505694693974213e+00	9.460675197345784770e-01	2.910910910910910943e+01
1.883853234361888340e+00	9.465999794311776849e-01	2.914914914914914945e+01
1.888225541898818305e+00	9.469152346537044185e-01	2.918918918918918948e+01
1.889586014904244271e+00	9.470093325260543482e-01	2.922922922922922950e+01
1.887901070354989885e+00	9.453243879768000735e-01	2.926926926926926953e+01
1.883142410325638449e+00	9.405657279474487487e-01	2.930930930930930955e+01
1.875289060967993526e+00	9.327123785898039365e-01	2.934934934934934958e+01
1.864327598750964432e+00	9.217509163727750643e-01	2.938938938938938961e+01
1.850252207800479276e+00	9.076755254222896863e-01	2.942942942942942963e+01
1.833064720783911694e+00	8.904880384057221043e-01	2.946946946946946966e+01
1.812774643234378757e+00	8.701979608561891677e-01	2.950950950950950968e+01
1.789399161241047809e+00	8.468224788628583299e-01	2.954954954954954971e+01
1.762963132465634519e+00	8.203864500874450405e-01	2.958958958958958974e+01
1.733499060479199105e+00	7.909223781010096266e-01	2.962962962962962976e+01
1.701047052447181240e+00	7.584703700689917616e-01	2.966966966966966979e+01
1.665654760224356101e+00	7.230780778461664005e-01	2.970970970970970981e+01
1.627377304955030857e+00	6.848006225768411559e-01	2.974974974974974984e+01
1.586277185307315429e+00	6.437005029291255065e-01	2.978978978978978986e+01
1.542424169503558540e+00	5.998474871253686169e-01	2.982982982982982989e+01
1.495895171341953711e+00	5.533184889637640103e-01	2.986986986986986992e+01
1.446774110436795047e+00	5.041974280586053458e-01	2.990990990990990994e+01
1.395151756936918952e+00	4.525750745587290291e-01	2.994994994994994997e+01
1.341125561013500889e+00	3.985488786353110768e-01	2.998998998998998999e+01
1.284799467439457610e+00	3.422227850612675759e-01	3.003003003003003002e+01
1.226283715613127656e+00	2.837070332349378998e-01	3.007007007007007005e+01
1.165694625408659091e+00	2.231179430304693068e-01	3.011011011011011007e+01
1.103154369264709000e+00	1.605776868865192164e-01	3.015015015015015010e+01
1.038790730951884678e+00	9.621404857369483810e-02	3.019019019019019012e+01
9.727368514879626282e-01	3.016016910977287191e-02	3.023023023023023015e+01
9.051308938737726573e-01	-3.637077395589218692e-02	3.027027027027027017e+01
8.361136564959026352e-01	-1.000542880894049885e-01	3.031031031031031020e+01
7.658241894101588398e-01	-1.605956513875179958e-01	3.035035035035035023e+01
6.943987628821647329e-01	-2.179563918777177589e-01	3.039039039039039025e+01
6.219707626156822933e-01	-2.721361063881227449e-01	3.043043043043043028e+01
5.486706447538379772e-01	-3.231667794392932280e-01	3.047047047047047030e+01
4.746259383394973441e-01	-3.711074099662772241e-01	3.051051051051051033e+01
3.999612867814865136e-01	-4.160390255115075653e-01	3.055055055055055035e+01
3.247985201036631131e-01	-4.580601345654355949e-01	3.059059059059059038e+01
2.492567508895489614e-01	-4.972826450526670050e-01	3.063063063063063041e+01
1.734524874062239319e-01	-5.338282559348577205e-01	3.067067067067067043e+01
9.749975791584500340e-02	-5.678253129611845473e-01	3.071071071071071046e+01
2.151024140586956651e-02	-5.994061067478079208e-01	3.075075075075075048e+01
-5.440659928160828523e-02	-6.287045868161030837e-01	3.079079079079079051e+01
-1.301433858525584963e-01	-6.558544578492689903e-01	3.083083083083083054e+01
-2.055946972503497339e-01	-6.809876203798106431e-01	3.087087087087087056e+01
-2.806569487673775676e-01	-7.042329203953888728e-01	3.091091091091091059e+01
-3.552282796259295106e-01	-7.257151705816532461e-01	3.095095095095095061e+01
-4.292084504032689929e-01	-7.455544076076000559e-01	3.099099099099099064e+01
-5.024987512224379227e-01	-7.638653522089394743e-01	3.103103103103103066e+01
-5.750019213301496013e-01	-7.807570419763352199e-01	3.107107107107107069e+01
-6.466220804906231967e-01	-7.963326086182777042e-01	3.111111111111111072e+01
-7.172646723530652357e-01	-8.106891748243636453e-01	3.115115115115115074e+01
-7.868364196946443512e-01	-8.239178486487019892e-01	3.119119119119119077e+01
-8.552452913236525678e-01	-8.361037960963296767e-01	3.123123123123123079e+01
-9.224004802975742656e-01	-8.473263751451676207e-01	3.127127127127127082e+01
-9.882123930088621000e-01	-8.576593168051896976e-01	3.131131131131131085e+01
-1.052592648614364412e+00	-8.671709409790762102e-01	3.135135135135135087e+01
-1.115454088228235108e+00	-8.759243968287494519e-01	3.139139139139139090e+01
-1.176710793258085364e+00	-8.839779190667163000e-01	3.143143143143143092e+01
-1.236278112235906557e+00	-8.913850930912174952e-01	3.147147147147147095e+01
-1.294072695478236890e+00	-8.981951231996735396e-01	3.151151151151151097e+01
-1.350012536915259576e+00	-9.044530993021870913e-01	3.155155155155155100e+01
-1.404017022465239295e+00	-9.102002585583826022e-01	3.159159159159159103e+01
-1.456006984323902520e+00	-9.154742385939323990e-01	3.163163163163163105e+01
-1.505904760499516604e+00	-9.203093207326483727e-01	3.167167167167167108e+01
-1.553634258619846831e+00	-9.247366608681197864e-01	3.171171171171171110e+01
-1.599121024273967295e+00	-9.287845086183492693e-01	3.175175175175175113e+01
-1.642292312944788168e+00	-9.324784113610509184e-01	3.179179179179179116e+01
-1.683077163852404246e+00	-9.358414035097512018e-01	3.183183183183183118e+01
-1.721406477260046808e+00	-9.388941836712384470e-01	3.187187187187187121e+01
-1.757213093961714767e+00	-9.416552750065950717e-01	3.191191191191191123e+01
-1.790431874000360857e+00	-9.441411703349174012e-01	3.195195195195195126e+01
-1.820999780075273744e+00	-9.463664666519154833e-01	3.199199199199199128e+01
-1.848855957859297794e+00	-9.483439797641367575e-01	3.203203203203203486e+01
-1.873941819015436216e+00	-9.500848496771893137e-01	3.207207207207207489e+01
-1.896201123701673596e+00	-9.515986289160196510e-01	3.211211211211211491e+01
-1.915580060873040891e+00	-9.528933576198990174e-01	3.215215215215215494e+01
-1.932027331563265449e+00	-9.539756257223108715e-01	3.219219219219219497e+01
-1.945494225915601394e+00	-9.548506190147750816e-01	3.223223223223223499e+01
-1.955934705564469578e+00	-9.555221534355193835e-01	3.227227227227227502e+01
-1.963305477025415469e+00	-9.559926927267368146e-01	3.231231231231231504e+01
-1.967566071517989013e+00	-9.562633523282154657e-01	3.235235235235235507e+01
-1.968678915500670312e+00	-9.563009637415226250e-01	3.239239239239239510e+01
-1.966609751234279946e+00	-9.542317994751324806e-01	3.243243243243243512e+01
-1.961330221623935222e+00	-9.489522698647877563e-01	3.247247247247247515e+01
-1.952819767534734297e+00	-9.404418157755867202e-01	3.251251251251251517e+01
-1.941065804588253618e+00	-9.286878528291058199e-01	3.255255255255255520e+01
-1.926063778312857355e+00	-9.136858265537095569e-01	3.259259259259259522e+01
-1.907817201821243813e+00	-8.954392500620959039e-01	3.263263263263263525e+01
-1.886337675923356327e+00	-8.739597241642086400e-01	3.267267267267267528e+01
-1.861644891612774355e+00	-8.492669398536267789e-01	3.271271271271271530e+01
-1.833766614899844161e+00	-8.213886631406965844e-01	3.275275275275275533e+01
-1.802738654000917151e+00	-7.903607022417694639e-01	3.279279279279279535e+01
-1.768604808928990968e+00	-7.562268571698435027e-01	3.283283283283283538e+01
-1.731416803566829365e+00	-7.190388518076820112e-01	3.287287287287287540e+01
-1.691234200339254423e+00	-6.788562485801068469e-01	3.291291291291291543e+01
-1.648124297636725410e+00	-6.357463458775779452e-01	3.295295295295295546e+01
-1.602162010177420326e+00	-5.897840584182730828e-01	3.299299299299299548e+01
-1.553429732529717056e+00	-5.410517807705697013e-01	3.303303303303303551e+01
-1.502017186051202158e+00	-4.896392342920546925e-01	3.307307307307307553e+01
-1.448021249534088728e+00	-4.356432977749412627e-01	3.311311311311311556e+01
-1.391545773880148440e+00	-3.791678221210012523e-01	3.315315315315315559e+01
-1.332701381160855902e+00	-3.203234294017086592e-01	3.319319319319319561e+01
-1.271605248450337067e+00	-2.592272966911897125e-01	3.323323323323323564e+01
-1.208380876850009722e+00	-1.960029250908623122e-01	3.327327327327327566e+01
-1.143157846154667201e+00	-1.307798943955196802e-01	3.331331331331331569e+01
-1.076071555640413013e+00	-6.369360388126564521e-02	3.335335335335335571e+01
-1.007262950730287487e+00	4.999096732515296432e-03	3.339339339339339574e+01
-9.368775373813092999e-01	7.196440695865503889e-02	3.343343343343343577e+01
-8.650609053334821219e-01	1.356517835371784941e-01	3.347347347347347579e+01
-7.919559203553238058e-01	1.960017737658899251e-01	3.351351351351351582e+01
-7.177024700287628622e-01	2.529989658731828239e-01	3.355355355355355584e+01
-6.424373928797032507e-01	3.066656124855961507e-01	3.359359359359359587e+01
-5.662944632797214384e-01	3.570555477533774447e-01	3.363363363363363590e+01
-4.894044224347914862e-01	4.042485053814300344e-01	3.367367367367367592e+01
-4.118950460909871492e-01	4.483449078989701353e-01	3.371371371371371595e+01
-3.338912410060064784e-01	4.894611704022971965e-01	3.375375375375375597e+01
-2.555151622738290329e-01	5.277255352542592481e-01	3.379379379379379600e+01
-1.768863448491043155e-01	5.632744300122028980e-01	3.383383383383383602e+01
-9.812184401025383917e-02	5.962493325000138844e-01	3.387387387387387605e+01
-1.933637929853917678e-02	6.267941135459897950e-01	3.391391391391391608e+01
5.935752205845148260e-02	6.550528183949290151e-01	3.395395395395395610e+01
1.378493852826876698e-01	6.811678488150363364e-01	3.399399399399399613e+01
2.160306549915539664e-01	7.052785028673822509e-01	3.403403403403403615e+01
2.937945709077890433e-01	7.275198291173295972e-01	3.407407407407407618e+01
3.710360537540375314e-01	7.480217561431198314e-01	3.411411411411411621e+01
4.476516028312387263e-01	7.669084581098387643e-01	3.415415415415415623e+01
5.235392059748137372e-01	7.842979205317959224e-01	3.419419419419419626e+01
5.985982623221367538e-01	8.003016741580397664e-01	3.423423423423423628e+01
6.727295180346931636e-01	8.150246680571580082e-01	3.427427427427427631e+01
7.458350150520438593e-01	8.285652558042555516e-01	3.431431431431431633e+01
8.178180526109551929e-01	8.410152722880067655e-01	3.435435435435435636e+01
8.885831611505951022e-01	8.524601816241946795e-01	3.439439439439439639e+01
9.580360881237908188e-01	8.629792794208349660e-01	3.443443443443443641e+01
1.026083795143250432e+00	8.726459351627126049e-01	3.447447447447447644e+01
1.092634465825878642e+00	8.815278627623230889e-01	3.451451451451451646e+01
1.157597523653473681e+00	8.896874093485186430e-01	3.455455455455455649e+01
1.220883659139137212e+00	8.971818541340939035e-01	3.459459459459459651e+01
1.282404865570733854e+00	9.040637107327919031e-01	3.463463463463463654e+01
1.342074482593450746e+00	9.103810276163142312e-01	3.467467467467467657e+01
1.399807246901335844e+00	9.161776825712022454e-01	3.471471471471471659e+01
1.455519349361692250e+00	9.214936680944554315e-01	3.475475475475475662e+01
1.509128497865987573e+00	9.263653648429768239e-01	3.479479479479479664e+01
1.560553985343626326e+00	9.308258018630088948e-01	3.483483483483483667e+01
1.609716761696105669e+00	9.349049015562787002e-01	3.487487487487487670e+01
1.656539509905979868e+00	9.386297104701526450e-01	3.491491491491491672e+01
1.700946725640620327e+00	9.420246133625297391e-01	3.495495495495495675e+01
1.742864798540237681e+00	9.451115301368088195e-01	3.499499499499499677e+01
1.782222095975995568e+00	9.479100987968335223e-01	3.503503503503503680e+01
1.818949049569815291e+00	9.504378416527301532e-01	3.507507507507507682e+01
1.852978239892596690e+00	9.527103135331060901e-01	3.511511511511511685e+01
1.884244485405922376e+00	9.547412394679600789e-01	3.515515515515515688e+01
1.912684928899164971e+00	9.565426320061686249e-01	3.519519519519519690e+01
1.938239124501562660e+00	9.581248973923779388e-01	3.523523523523523693e+01
1.960849125759259515e+00	9.594969259624367419e-01	3.527527527527527695e+01
1.980459569085032401e+00	9.606661672871625868e-01	3.531531531531531698e+01
1.997017761804910085e+00	9.616386936616212466e-01	3.535535535535535701e+01
2.010473761469695475e+00	9.624192460530928139e-01	3.539539539539539703e+01
2.020780461937812245e+00	9.630112690415968402e-01	3.543543543543543706e+01
2.027893668562064988e+00	9.634169286799671994e-01	3.547547547547547708e+01
2.031772180346068435e+00	9.636371166244450670e-01	3.551551551551551711e+01
2.032377863862547152e+00	9.635162741770274542e-01	3.555555555555555713e+01
2.029676342000402922e+00	9.608147523148828917e-01	3.559559559559559716e+01
2.023639956204543289e+00	9.547783665190230362e-01	3.563563563563563719e+01
2.014249294941206081e+00	9.453877052556856064e-01	3.567567567567567721e+01
2.001493308868178111e+00	9.326317191826578590e-01	3.571571571571571724e+01
1.985369362222904499e+00	9.165077725373842465e-01	3.575575575575575726e+01
1.965883265823043846e+00	8.970216761375238157e-01	3.579579579579579729e+01
1.943049291592593431e+00	8.741877019070731780e-01	3.583583583583583732e+01
1.916890168565059893e+00	8.480285788795398627e-01	3.587587587587587734e+01
1.887437060353164497e+00	8.185754706676446890e-01	3.591591591591591737e+01
1.854729524112326056e+00	7.858679344268060252e-01	3.595595595595595739e+01
1.818815451062793187e+00	7.499538613772730455e-01	3.599599599599599742e+01
1.779750988672748724e+00	7.108893989872285823e-01	3.603603603603603744e+01
1.737600444641980380e+00	6.687388549564602380e-01	3.607607607607607747e+01
1.692436172862743948e+00	6.235745831772239178e-01	3.611611611611611750e+01
1.644338441571165044e+00	5.754768518856449022e-01	3.615615615615615752e+01
1.593395283938847662e+00	5.245336942533275204e-01	3.619619619619619755e+01
1.539702331390186529e+00	4.708407417046662213e-01	3.623623623623623757e+01
1.483362629966121560e+00	4.145010402806013627e-01	3.627627627627627760e+01
1.424486440089780981e+00	3.556248504042606173e-01	3.631631631631631763e+01
1.363191020123602160e+00	2.943294304380819626e-01	3.635635635635635765e+01
1.299600394141221527e+00	2.307388044557012186e-01	3.639639639639639768e+01
1.233845104359145850e+00	1.649835146736254865e-01	3.643643643643643770e+01
1.166061948744392840e+00	9.720035905887236538e-02	3.647647647647647773e+01
1.096393704329482910e+00	2.753211464396253250e-02	3.651651651651651775e+01
1.024988723422348924e+00	-4.242003304382269135e-02	3.655655655655655778e+01
9.519979820495181322e-01	-1.091291327425556318e-01	3.659659659659659781e+01
8.775703714675333611e-01	-1.723713395032402396e-01	3.663663663663663783e+01
8.018517464641417014e-01	-2.321124886512556940e-01	3.667667667667667786e+01
7.249848218516488085e-01	-2.883616590193225915e-01	3.671671671671671788e+01
6.471091348946348409e-01	-3.411644054644246693e-01	3.675675675675675791e+01
5.683610614427202501e-01	-3.905963872652426505e-01	3.679679679679679793e+01
4.888738753222136579e-01	-4.367574908207407236e-01	3.683683683683683796e+01
4.087778416692536276e-01	-4.797665018745800314e-01	3.687687687687687799e+01
3.282003359616020299e-01	-5.197563599533482348e-01	3.691691691691691801e+01
2.472659804823936491e-01	-5.568699954151112852e-01	3.695695695695695804e+01
1.660967923570413063e-01	-5.912567327672950679e-01	3.699699699699699806e+01
8.481233709484749250e-02	-6.230692341957357883e-01	3.703703703703703809e+01
3.529882760100501449e-03	-6.524609406526181710e-01	3.707707707707707812e+01
-7.763544862173661631e-02	-6.795839697720125194e-01	3.711711711711711814e+01
-1.585705363184934102e-01	-7.045874222841647105e-01	3.715715715715715817e+01
-2.391641248666168396e-01	-7.276160491550351939e-01	3.719719719719719819e+01
-3.193066986983117972e-01	-7.488092349915277390e-01	3.723723723723723822e+01
-3.988903691615542924e-01	-7.683002523244044646e-01	3.727727727727727824e+01
-4.778087746223199650e-01	-7.862157465489545416e-01	3.731731731731731827e+01
-5.559569941959047190e-01	-8.026754149146969608e-01	3.735735735735735830e+01
-6.332314755952911378e-01	-8.177918454337527177e-01	3.739739739739739832e+01
-7.095299769800950118e-01	-8.316704861947434857e-01	3.743743743743743835e+01
-7.847515226088912499e-01	-8.444097192209091274e-01	3.747747747747747837e+01
-8.587963718916817868e-01	-8.561010164017726076e-01	3.751751751751751840e+01
-9.315660013754867297e-01	-8.668291580583470379e-01	3.755755755755755843e+01
-1.002963099047880835e+00	-8.766724977580933054e-01	3.759759759759759845e+01
-1.072891570258211358e+00	-8.857032596876679431e-01	3.763763763763763848e+01
-1.141256554520220678e+00	-8.939878571752087888e-01	3.767767767767767850e+01
-1.207964452424819202e+00	-9.015872230017815125e-01	3.771771771771771853e+01
-1.272922961872424263e+00	-9.085571439243723679e-01	3.775775775775775855e+01
-1.336041122828716343e+00	-9.149485933742493859e-01	3.779779779779779858e+01
-1.397229369821418876e+00	-9.208080576401436179e-01	3.783783783783783861e+01
-1.456399591389430093e+00	-9.261778517504222208e-01	3.787787787787787863e+01
-1.513465195814934550e+00	-9.310964224890233565e-01	3.791791791791791866e+01
-1.568341182224709973e+00	-9.355986364260959753e-01	3.795795795795795868e+01
-1.620944216315012287e+00	-9.397160515548054205e-01	3.799799799799799871e+01
-1.671192710460698727e+00	-9.434771727502269112e-01	3.803803803803803874e+01
-1.719006907380250526e+00	-9.469076886964158390e-01	3.807807807807807876e+01
-1.764308965958108155e+00	-9.500306907696716152e-01	3.811811811811811879e+01
-1.807023049644763013e+00	-9.528668759491509821e-01	3.815815815815815881e+01
-1.847075417603550207e+00	-9.554347318008903356e-01	3.819819819819819884e+01
-1.884394514567983014e+00	-9.577507022472171450e-01	3.823823823823823886e+01
-1.918911064062320593e+00	-9.598293413068802460e-01	3.827827827827827889e+01
-1.950558160700027521e+00	-9.616834465799161125e-01	3.831831831831831892e+01
-1.979271360905556110e+00	-9.633241788679012263e-01	3.835835835835835894e+01
-2.004988777077604034e+00	-9.647611679419615394e-01	3.839839839839839897e+01
-2.027651164671291806e+00	-9.660025997492562855e-01	3.843843843843843899e+01
-2.047202015770576811e+00	-9.670552943908936605e-01	3.847847847847847902e+01
-2.063587642433997615e+00	-9.679247640810471065e-01	3.851851851851851904e+01
-2.076757267082354641e+00	-9.686152619918332318e-01	3.855855855855855907e+01
-2.086663102342191323e+00	-9.691298129061242106e-01	3.859859859859859910e+01
-2.093260436228180144e+00	-9.694702316059850000e-01	3.863863863863863912e+01
-2.096507708429567796e+00	-9.696371256489157986e-01	3.867867867867867915e+01
-2.096366607477724298e+00	-9.691562792785931579e-01	3.871871871871871917e+01
-2.092803269697106838e+00	-9.655929414979760317e-01	3.875875875875875920e+01
-2.085791460203739511e+00	-9.585811320046082606e-01	3.879879879879879923e+01
-2.075313584885853047e+00	-9.481032566867221290e-01	3.883883883883883925e+01
-2.061360765342310941e+00	-9.341504371431802456e-01	3.887887887887887928e+01
-2.043932885095518515e+00	-9.167225568963878191e-01	3.891891891891891930e+01
-2.023038616579575066e+00	-8.958282883804444818e-01	3.895895895895895933e+01
-1.998695428831525067e+00	-8.714851006323947047e-01	3.899899899899899935e+01
-1.970929575853622051e+00	-8.437192476544916886e-01	3.903903903903903938e+01
-1.939776065654134518e+00	-8.125657374550040446e-01	3.907907907907907941e+01
-1.905278610013577456e+00	-7.780682818144469826e-01	3.911911911911911943e+01
-1.867489555062430417e+00	-7.402792268632997219e-01	3.915915915915915946e+01
-1.826469792795432090e+00	-6.992594645963012834e-01	3.919919919919919948e+01
-1.782288653686355362e+00	-6.550783254872245553e-01	3.923923923923923951e+01
-1.735023780605672972e+00	-6.078134524065420541e-01	3.927927927927927954e+01
-1.684760984281672425e+00	-5.575506560825416180e-01	3.931931931931931956e+01
-1.631594080583267159e+00	-5.043837523841363524e-01	3.935935935935935959e+01
-1.575624709939934975e+00	-4.484143817408039467e-01	3.939939939939939961e+01
-1.516962139250815467e+00	-3.897518110516846046e-01	3.943943943943943964e+01
-1.455723046669819887e+00	-3.285127184706890247e-01	3.947947947947947966e+01
-1.392031289684114714e+00	-2.648209614849839633e-01	3.951951951951951969e+01
-1.326017656972545700e+00	-1.988073287734147265e-01	3.955955955955955972e+01
-1.257819604489437193e+00	-1.306092762903064142e-01	3.959959959959959974e+01
-1.187580976314454917e+00	-6.037064811532402708e-02	3.963963963963963977e+01
-1.115451707293041883e+00	1.149549229218596764e-02	3.967967967967967979e+01
-1.041586485926992545e+00	8.111249421235131041e-02	3.971971971971971982e+01
-9.661396396182920787e-01	1.471597772274495508e-01	3.975975975975975985e+01
-8.892625074742996905e-01	2.095807635989746232e-01	3.979979979979979987e+01
-8.111032261438589908e-01	2.683679578149364420e-01	3.983983983983983990e+01
-7.318066647581800144e-01	3.235555335010349420e-01	3.987987987987987992e+01
-6.515144214664989608e-01	3.752122913867559362e-01	3.991991991991991995e+01
-5.703648705809700736e-01	4.234351132666296924e-01	3.995995995995995997e+01
-4.884932498332433259e-01	4.683429976091662561e-01	4.000000000000000000e+01
